88
120
26
13
115
61
58
102
37
55
8
45
189
231
38
155
226
50
16
123
35
5
67
70
120
253
157
208
54
35
22
11
54
13
161
79
337
6
132
342
727
30
181
54
556
24
64
24
37
15
93
127
28
24
63
185
37
47
87
16
51
143
95
15
97
11
124
104
261
49
24
42
299
45
237
67
11
193
252
15
78
40
137
18
129
58
223
74
15
112
207
132
20
39
134
20
118
116
152
198
35
31
236
7
89
98
96
80
36
19
10
189
168
11
213
32
91
20
67
65
60
59
144
182
13
27
375
59
226
218
29
61
79
353
115
50
163
95
132
49
111
295
37
16
147
132
43
51
66
68
41
11
14
87
126
36
5
77
56
75
116
170
229
18
156
12
49
213
52
35
30
210
77
40
89
57
40
19
47
231
23
18
129
109
26
30
334
140
8
298
55
63
67
76
64
117
60
309
12
10
65
197
51
45
13
170
210
36
29
160
215
53
218
189
24
374
86
22
164
59
7
92
69
203
43
480
298
77
122
135
115
159
90
32
56
7
34
21
33
18
101
23
155
8
21
43
31
17
7
45
16
17
195
48
14
49
168
9
9
92
72
415
342
30
77
208
94
33
192
39
29
158
96
128
52
187
19
106
35
69
322
54
60
121
74
60
156
19
37
17
37
47
135
4
41
137
52
51
143
22
42
20
190
51
18
21
59
38
10
129
58
49
291
134
80
200
79
33
298
386
78
315
66
36
191
730
263
158
53
254
43
79
46
45
268
21
45
119
18
122
8
149
89
45
67
188
101
10
39
3
5
46
19
29
112
22
12
23
112
4
90
319
418
99
33
429
63
6
129
57
156
213
24
10
10
168
61
262
137
185
81
8
14
70
32
217
27
55
38
169
7
68
64
117
64
4
82
51
43
28
70
21
79
27
39
9
211
1063
13
30
218
18
14
71
25
175
385
93
162
30
58
63
16
11
51
279
153
7
135
38
87
23
27
28
78
44
64
106
112
216
48
65
152
17
7
23
33
76
12
112
230
23
191
9
34
88
85
90
31
58
114
75
67
42
175
321
77
189
34
120
179
26
81
84
148
35
17
57
17
26
83
26
124
26
416
153
10
360
2
69
182
138
90
17
41
18
10
26
482
124
55
85
71
222
70
178
7
95
204
34
18
4
57
188
89
40
20
142
107
46
109
106
20
44
119
28
17
139
44
169
56
74
196
31
213
137
40
23
13
7
176
102
114
48
202
226
78
24
83
22
115
4
61
149
146
129
24
65
33
72
49
111
83
13
279
22
133
43
144
93
32
83
112
330
10
207
86
17
13
24
42
90
92
75
71
48
99
178
96
144
102
81
38
21
76
166
52
47
166
287
69
28
264
32
59
22
81
9
164
124
18
57
161
47
31
11
28
10
110
153
30
6
12
13
51
32
15
85
157
49
49
234
124
101
31
74
54
145
98
26
35
118
188
90
251
43
18
15
8
39
334
81
333
23
23
75
15
149
14
52
8
25
142
79
81
85
18
69
194
141
311
74
177
66
66
124
13
21
31
32
53
294
62
19
94
10
87
17
4
44
83
80
33
79
21
40
459
24
19
61
143
92
113
49
43
88
18
163
90
60
207
4
87
77
42
115
77
138
36
105
167
45
8
181
39
40
103
110
54
161
18
28
11
177
19
46
62
28
176
63
72
98
35
71
14
10
47
81
59
161
155
28
146
242
88
28
33
90
324
65
15
93
305
8
18
183
69
205
84
67
259
20
79
36
71
542
14
255
49
206
177
7
34
388
44
180
49
355
52
55
14
43
158
157
200
49
25
2
87
46
350
133
63
114
26
731
81
115
55
94
167
7
29
9
27
88
28
31
14
24
191
52
14
17
100
56
59
54
25
31
122
89
381
200
370
171
192
68
92
63
53
75
120
46
55
19
35
271
6
57
73
56
224
128
49
66
92
38
27
105
39
138
251
13
157
44
33
24
18
14
121
42
141
75
195
6
295
123
137
164
10
29
22
44
22
90
175
13
46
14
81
55
21
78
552
216
392
105
173
331
78
234
458
55
5
106
22
6
34
69
190
74
203
32
13
179
46
59
80
149
53
72
179
43
59
39
267
9
99
124
83
43
61
257
33
119
15
411
30
271
128
94
42
67
56
169
332
17
22
68
39
44
48
57
296
903
10
55
51
28
39
324
8
31
11
70
25
13
6
56
3
52
103
119
44
37
59
53
26
261
64
30
265
80
21
143
155
370
64
50
72
34
780
186
33
28
220
124
79
125
