6.21
0.71
0.56
112.68
1.61
10.19
2.88
4.78
1.02
0.5
1.79
106.08
88.52
126.48
107.72
86.52
1.19
0.73
8.57
1.06
0.45
1.65
175.46
302.43
6.36
340.45
289.39
1.05
0.65
0.59
0.98
0.53
3.99
3.81
319.62
0.46
6.04
79.65
1.16
248.16
2.33
163.07
0.71
10.4
7.32
0.66
0.55
293.89
119.22
1.27
0.58
38.8
346.71
0.89
1.27
101.93
0.58
1.26
72.35
0.54
3.19
0.56
107.1
2.43
253.27
351.54
7.02
187.41
112.61
1.12
225.17
86.3
0.53
89.09
187.16
0.58
365.32
4.61
3.79
0.63
19.55
341.03
83.47
208.88
0.62
13.58
300.72
4.31
0.57
2.18
217.37
0.67
79.26
84.62
1.06
1.02
75.19
0.47
9.98
2.8
341.25
0.78
0.65
0.47
73.64
398.09
0.51
291.1
0.79
19.52
0.59
1.87
1.84
148.31
328.46
78.34
11.52
0.59
0.98
122.47
0.87
71.72
83.15
1.7
2.25
2.23
113.1
3.92
0.95
140.71
6.25
73.06
0.97
296.18
85.72
1
0.64
192.67
1.6
87.81
119.45
1.65
1.17
0.49
0.55
223.33
2.67
284.56
0.44
114.66
4.02
2
7.16
198.01
71.7
0.56
3.98
0.51
73.38
119.02
1.58
0.92
0.91
75.28
0.58
3.89
1.54
0.88
0.58
1.08
258.24
0.68
0.56
2.6
0.64
1.78
306.37
3.3
0.46
260.47
1.67
3.59
1.85
1.86
47.76
74.89
0.55
0.52
175.16
1.71
0.88
0.54
102.35
144.43
5.74
0.91
2.78
72.95
77
345.88
72.92
0.75
76.51
79.85
0.61
187.27
14.78
0.49
70.45
13.81
21.2
1.7
102.25
1.87
2.65
239.61
12.5
83.47
1.96
0.81
291.04
0.55
0.76
0.76
162.52
0.49
3.31
0.62
248.67
0.5
0.72
0.9
2.38
0.59
0.46
0.47
0.57
332.2
0.99
0.56
1.75
307.12
0.53
0.46
7.51
86.26
71.09
71.93
0.87
251.55
2.22
0.73
241.01
164.57
0.86
87.56
2.23
287.1
362.54
0.71
275.36
0.81
2.37
362.12
96.62
84.19
2.39
324.72
182.2
82.28
0.66
0.91
0.69
0.9
0.94
406.45
0.45
70.8
114.49
0.95
2.29
279.59
8.36
0.9
0.64
353.4
168.08
0.61
0.73
1.74
1.27
0.51
3.09
1.05
82.74
394.51
292.1
318.17
1.9
1.13
71.53
282.53
77.02
93.8
2.18
1.06
3.55
82.42
246.25
312.14
25.17
136.08
0.91
3.75
1.5
214.01
0.61
1.88
3.42
0.65
351.21
0.58
2.98
366.52
1.24
79.29
74.93
344.39
0.53
2.09
0.45
0.45
1.73
0.64
0.96
92.23
1.04
0.55
0.72
93.55
0.45
70.44
321.44
77.27
320.86
152.44
394.1
2.28
0.46
403.14
1.69
291.33
73.63
0.67
0.5
0.5
264.31
1.25
79.64
104.33
303.35
118.59
0.5
0.52
75.45
1.69
280.23
0.61
3.06
1.64
217.37
0.45
3.67
2.16
391.2
73.84
0.46
1.67
1.13
0.75
351.29
0.56
78.94
0.94
0.87
0.5
102.62
80.36
0.56
1.87
0.57
0.54
200.71
0.69
67.48
174.76
2.15
5.69
0.75
5.58
2.01
0.52
0.5
5.21
2.46
0.49
7.09
4.72
264.25
0.73
0.81
97.49
1.22
76.16
2.98
3.08
293.35
1.03
1.27
78.83
0.59
0.47
0.64
83.12
183.29
0.55
20.89
82.59
0.52
0.53
0.8
363.6
331.77
319.95
0.93
1.63
149.26
192.21
1.75
0.93
337.19
70.3
2.38
11.46
1.16
66.8
5.06
0.7
2.15
78.19
2.71
0.82
0.49
5.37
0.54
0.67
2.89
0.72
4.06
0.66
181.71
3.7
0.51
136.41
0.46
2.44
75.9
150.81
312.87
0.55
0.87
0.66
0.54
0.62
312.43
80.24
2.61
2.46
395.14
80.36
1.94
245.65
0.48
6.86
92
1.9
0.66
0.45
2.24
218.27
91.58
1
0.64
402.22
159.14
2.11
2.49
15.03
0.7
0.88
314.19
1.29
0.65
277.53
341.48
242.38
1.06
90.7
76.14
1.01
21.66
331.73
0.97
0.66
0.54
0.46
114.01
110.04
97.62
324.33
80.93
68.44
0.81
7.35
0.57
0.45
403.05
2.24
232.66
4.56
0.51
127.66
0.66
318.69
74.85
2.66
1.98
0.53
380.51
0.57
1.51
5.83
5.32
1.79
254.67
0.47
349.13
109.07
0.59
0.52
0.86
1.06
340.72
78.83
1.79
30.11
8.92
2.87
211.54
314.34
88.42
2.68
1.93
1.35
0.75
3.99
4.08
1.47
2.28
152.85
91.08
2.17
0.74
327.12
0.72
0.62
0.51
369.33
252.88
0.71
34.65
370.36
1.52
0.96
0.62
0.85
0.47
279.97
328.68
149.72
0.45
0.55
0.53
1.5
0.72
0.49
1.18
14.65
2.23
1.75
286.11
388.29
106.04
0.69
1.08
363.74
117.04
1.97
0.53
0.96
69.36
5.07
2.4
123.76
1.23
0.65
0.57
0.47
1.61
374.12
2.15
106.34
0.71
0.66
2.15
0.62
2.43
0.67
1.12
0.51
1.46
3.76
2.61
19.44
114.47
0.66
1.59
3.86
210.16
2.59
4.56
1.71
261.08
389.96
0.57
0.56
0.98
1
349.53
71.69
1.91
0.68
4.5
0.48
333.8
0.52
0.43
209.61
2.05
367.65
0.82
73.73
0.8
1.35
293.83
0.63
0.66
170.06
21.16
90.47
78.46
0.71
0.84
297.92
0.58
73.18
85.94
1.14
73.41
0.44
2.53
2.56
1.84
2.24
5.99
0.89
334.46
3.61
1.05
0.49
9.48
77.21
0.94
177.4
76.58
22.57
99.39
0.67
0.58
0.47
0.65
329
339.6
0.59
326.97
11.19
4.46
4.13
0.88
1.5
0.61
0.52
1.03
2.37
108.32
2.9
0.73
89.19
140.79
0.94
0.57
396.87
15.15
13.21
0.6
159.34
270.83
0.53
0.58
376.07
382.41
8.84
80.42
83.01
74.29
1.01
385.37
2
77.85
81.75
0.58
169.56
1.02
369.6
198.78
0.48
0.66
165.05
0.9
72.24
2.18
74.32
1.47
1.45
0.58
78.75
8.34
74.66
72.1
3.05
0.64
0.44
5.37
5.7
69.25
117.25
2.06
2.79
0.76
275.02
2.82
2.42
75.42
86.99
0.46
0.78
0.53
0.7
2.21
1.04
0.67
0.7
0.7
75.76
311.69
0.51
0.7
9.26
350.03
1.53
0.69
110.71
6.33
75.03
108.96
89.37
88.09
2.37
2.62
82.59
1.67
19.3
3.42
331.95
340.36
0.58
0.65
332.86
0.49
1.08
95.25
363.34
170.42
93.87
9.59
2.15
1.86
6.29
2.85
1.09
383.9
84.48
0.6
15.29
1.27
0.66
0.76
0.5
0.56
79.74
2.57
245.31
69.87
71.26
0.47
96.59
72.53
91.69
3.63
0.52
0.61
0.66
1.01
0.59
2.64
74.05
0.6
4.75
0.51
99.88
0.77
322.63
410.46
75.95
162.33
2.58
5.16
94.45
27.99
352.36
70.56
1.97
0.47
15.72
0.69
0.44
0.68
0.98
71.88
116.45
71.46
2.19
0.57
72.49
90.88
2.55
76.41
71.99
2
157.62
171.62
9.84
289.74
1.66
81.68
0.48
43.59
387.23
69.53
74.38
1.25
81.7
0.75
74.63
0.53
297.54
0.74
9.74
77.89
2.03
0.89
4.51
2.45
107.66
125
0.59
1.19
341.95
3.8
1.57
370.48
236.49
131.9
0.49
2.1
2.38
0.83
125.91
0.5
0.77
0.52
2.72
0.68
0.5
0.48
0.445
103.52
142.4
76.88
2.34
1.75
1.17
1.26
361.87
2.39
0.99
7.19
286.35
0.73
347.74
350.85
114.77
76.72
0.87
63.05
331.27
108.18
4.46
1.27
26.58
7.73
82.85
137.06
19.15
