19
20
569
420
69
70
38
1853
81
41
293
177
271
427
124
94
320
59
72
93
107
126
436
129
101
175
203
45
209
104
66
173
64
135
94
291
421
579
112
259
309
472
238
186
586
1020
21
374
344
566
496
145
51
1200
105
90
50
210
2161
190
71
13
50
82
64
193
16
162
147
423
8
50
25
82
386
266
50
93
10
255
211
78
160
106
114
18
736
322
53
39
2531
257
281
192
35
23
60
18
65
30
341
43
180
317
123
24
933
151
23
122
403
78
1319
16
82
1151
275
273
60
82
57
72
263
69
90
1614
68
66
184
72
157
209
152
81
199
59
971
94
18
77
1254
672
9
11
2263
24
208
1184
170
9
297
29
44
102
167
1058
319
239
122
15
249
1256
49
293
725
26
231
138
19
931
86
746
63
37
79
306
77
189
695
97
94
23
78
2709
109
132
530
11
195
1220
91
248
202
469
31
745
429
80
39
131
268
289
90
98
43
20
414
248
19
111
150
374
20
51
225
1140
135
103
482
107
317
579
54
581
307
550
534
39
154
492
10
47
25
146
55
119
135
65
28
123
67
256
16
80
33
27
561
31
288
20
430
156
328
46
8
114
395
141
62
151
451
57
327
262
78
14
26
678
1280
14
19
87
9
428
413
1463
185
51
113
3911
15
468
60
132
213
377
161
49
64
30
68
292
185
175
175
992
73
123
36
9
105
736
134
41
6
245
47
5
12
37
60
907
36
53
176
122
195
98
52
34
26
70
39
76
11
77
634
224
715
20
324
84
214
18
437
164
708
344
63
330
871
454
505
57
6
1469
673
187
246
1274
23
91
158
1204
70
40
91
1108
283
23
38
58
12
63
526
386
970
821
6
130
23
46
362
18
156
332
669
4
395
157
141
90
128
251
173
98
105
296
166
1135
17
54
18
1532
60
19
1677
57
80
163
20
133
11
189
69
254
658
776
36
44
76
82
12
176
153
98
126
43
66
732
26
1184
17
7
160
161
1070
295
433
84
165
143
26
61
8
119
552
92
259
31
10
281
141
413
1201
258
25
18
2178
139
259
28
296
429
128
83
80
521
408
10
441
82
124
66
46
225
163
89
103
636
134
266
22
1118
88
16
40
1094
260
135
670
2394
277
194
724
122
722
441
485
15
41
117
479
1109
400
50
31
287
81
82
153
13
36
61
599
388
126
73
219
374
128
636
58
62
407
46
105
555
341
4075
95
739
878
194
41
667
1903
140
180
68
117
191
201
229
421
156
142
1461
462
623
200
22
43
267
1381
6
64
28
921
277
628
130
38
189
10
534
296
1025
303
37
71
153
236
40
281
96
274
204
363
23
453
38
248
76
170
931
46
843
20
157
71
15
18
5
65
29
44
82
552
127
284
20
60
146
84
1454
16
59
58
1588
825
323
53
28
158
51
10
60
843
147
138
32
66
20
316
96
317
165
544
42
653
31
173
60
92
253
290
69
99
91
38
183
2639
193
66
507
141
198
3
15
40
89
116
132
297
7
75
59
188
188
629
44
314
122
43
279
35
125
325
2619
6
108
69
199
296
113
385
175
71
42
71
32
59
818
32
146
39
145
396
318
73
701
52
511
51
54
178
275
46
68
365
108
234
228
8
260
57
23
150
160
429
96
210
21
96
133
111
229
140
353
116
470
35
113
661
133
1106
54
273
23
226
120
18
312
26
27
468
166
873
367
1514
494
10
57
41
182
30
21
284
629
247
133
8
35
139
97
133
32
358
29
318
140
105
330
103
544
315
7
60
621
43
82
118
46
170
203
23
483
268
462
17
560
17
101
847
533
506
19
301
101
841
129
181
149
30
20
40
306
17
1951
9
80
198
380
63
273
1008
587
39
126
67
322
303
283
53
1063
73
23
17
489
109
423
79
1027
114
55
107
129
22
637
136
2030
577
432
39
718
564
29
29
322
26
46
175
68
72
115
42
213
966
194
400
11
42
74
178
341
200
54
280
48
861
421
18
90
20
70
84
103
121
250
490
10
169
207
169
122
584
60
84
58
60
132
267
149
100
25
17
122
13
131
1799
170
32
714
167
177
693
176
38
223
609
836
256
69
560
173
130
3
23
682
123
98
62
1703
93
15
56
124
53
543
55
35
395
130
173
75
68
59
219
145
319
194
65
96
185
139
29
465
23
69
4
37
640
96
474
52
6
68
46
1697
78
218
48
24
107
44
2943
458
902
486
