15.74
362.15
0.64
173.02
0.67
0.52
73.19
0.72
98.31
336.75
1.67
0.54
496.22
1.25
0.49
543.45
2.25
76.71
0.98
74.96
11.83
0.58
1.33
0.58
2.3
0.59
1.72
7.77
2.28
0.64
287.85
1.95
35.19
87.35
0.56
0.98
74.81
4.76
0.57
16.38
79.33
5.78
0.5
1.75
0.5
74.77
0.57
0.51
13.8
75.99
0.93
0.48
0.56
1.03
2.66
0.68
2.1
3.97
4.39
251.65
247.55
3.63
0.52
393.44
0.72
0.94
1.77
78.5
97.56
404.83
73.01
0.54
94.04
1.66
0.68
0.61
96.29
77.64
69.16
562.56
1.28
0.71
332.87
77.38
0.66
335.47
1.99
482.12
0.48
12.96
71.89
75.92
0.73
0.71
2.47
0.68
8.54
2.88
1.57
3.06
0.46
165.33
0.54
1.49
105.22
3.39
864.78
518.17
0.54
81.53
0.76
8.58
1.23
141.24
0.57
2.73
0.61
49.59
0.55
1.35
250.43
427.76
321.42
340.05
0.65
2.68
0.6
82.12
1.89
0.78
74.29
4.14
139.62
7.94
1.04
210.83
15.12
0.87
286.54
1.14
0.5
0.97
104.18
2.57
81.11
2.92
138.64
340.02
0.99
2.24
79.14
1.92
9.58
0.89
85.1
0.68
210.45
342.97
83.74
84.26
0.61
335.75
71.5
139.59
529.13
320.53
0.5
0.61
0.53
522.57
341.64
559.3
0.52
3.72
0.56
194.85
3.2
2.25
73.96
3.07
0.86
0.85
2.98
1.71
201.58
2.74
1.05
0.49
14.74
176.41
84.52
12.32
0.59
86.77
10.86
0.65
416.93
1083.69
0.51
378.04
495.93
4.71
0.84
1.53
1.46
97.85
2.81
0.63
3.65
77.63
2.25
68.37
0.45
5.41
103.65
0.77
1.39
420.89
359.02
421.38
128.85
242.67
398.83
113.79
89.58
0.67
0.77
0.55
1.01
0.56
6.84
1.6
14.11
74.7
0.53
0.53
3.32
77.57
4.1
383.76
0.51
0.9
0.66
2.76
825.6
74.43
101.25
2.29
0.9
1.01
0.6
1.61
1.79
0.45
68.24
1.95
73.64
114.07
0.68
122.8
0.92
4.64
3.55
72.33
0.45
8.25
74.48
329.28
392.71
111.46
45.7
857.92
360.95
1.62
340.52
170.99
2.49
0.49
175.3
0.46
0.5
267.45
23.15
0.99
0.52
2.19
2.01
44.17
82.19
537.57
0.53
1.21
74.43
362.46
1.72
0.63
1.12
0.65
326.86
1.08
0.74
91.38
0.94
1.9
11.95
91.42
275.07
77.01
76.42
1.66
133.85
99.82
330.35
246.7
99.45
107.68
2.51
1.16
0.49
1
0.88
0.94
186.97
0.54
80
1.89
4.08
0.53
400.2
327.44
50.8
235.74
3.18
2.6
386.36
0.58
0.56
70.65
0.83
83.16
5.14
0.71
3
0.74
1.04
0.56
76.14
10.72
2.5
0.46
9.82
2.02
118.95
0.61
1.75
0.78
92.73
160.31
125.38
161.3
0.61
0.65
76.22
1.12
325.28
0.72
0.93
345.8
4.56
0.6
0.62
379.71
0.56
0.52
69.54
90.89
0.7
0.69
3.24
0.71
338.38
71.64
11.87
401.55
84.78
421.16
80.21
434.91
1.7
10.59
150.78
19.93
0.69
67.2
1.29
436.02
7.46
1.58
0.97
1.96
294.14
0.54
0.62
5.7
0.95
34.53
5.46
232.74
350.66
0.86
95.49
0.7
321.43
173.55
85.19
401.7
0.57
0.89
111.61
2.95
0.5
53.78
0.51
124.27
130.58
0.67
1.75
184.83
0.54
0.92
0.84
2.69
5.04
0.66
7.75
0.48
4.82
0.66
5.07
345.83
0.51
3.21
0.69
8.18
0.79
502.54
82.25
396.45
217.3
268.53
0.64
77.34
0.62
2.84
2.77
95.26
169.37
5.15
72.35
337.39
15.75
267.49
2.16
341.85
0.48
203.69
1.02
0.71
0.65
0.8
0.73
0.5
0.46
0.49
0.6
27.63
75.77
12.35
86.11
2.79
328.83
0.77
0.55
82.47
0.97
2.19
7.43
2.68
0.57
174.14
1.64
2.29
80.64
0.44
2.69
96.07
2.29
0.67
269.36
76.29
2.16
0.69
5.17
87.36
0.54
0.66
0.44
2.57
77.23
317.86
251.37
72.03
0.53
23.09
73.9
0.6
0.69
371.03
332.78
72.8
1.91
250.07
0.77
1.07
0.92
1.45
16.76
0.53
0.56
1.54
773.67
8.61
388.06
2.01
5.14
0.92
397.2
0.54
6.5
0.85
245.75
81.63
135.17
1.65
109.05
3.91
404.73
5.5
0.49
4.09
0.74
325.76
116.33
0.67
328.65
176.16
151.42
1.13
71.77
304.71
1.18
1.22
6.14
303.41
2.66
108.51
368.45
87.27
409.87
2.28
342.56
0.5
319.38
0.55
86.18
65.14
1.83
65.29
5.97
3.07
1.85
1.15
274.57
71.07
0.59
3.15
1.28
0.51
1.58
3.28
101.66
155.81
1.25
0.51
0.68
0.47
7.89
0.73
394.57
1.41
106.67
438.54
392.37
80.48
2.14
1.2
4.81
0.57
0.7
72.69
0.76
373.41
27.65
564.82
2.35
261.87
2.4
87.5
375.46
225.37
116
348.22
386.85
0.78
0.51
16.57
0.72
0.8
0.65
0.5
381.05
2.51
0.54
74.91
1.63
1.75
3.72
0.75
80.94
105.84
237.36
2.1
10.71
0.96
168.05
422.56
75.58
0.81
0.64
0.69
127.73
81.45
0.87
73.07
1.66
450.36
1.86
0.74
186.35
477.17
1.09
0.58
0.79
0.69
2.27
80.5
78.1
254.98
1.05
8.23
1.54
453.66
578.4
1.1
407.33
84.57
19.98
1.82
0.67
2.43
1.06
11.29
140.28
86.01
363.51
773.33
0.5
2.35
2.1
87
2.26
4.86
2.99
100.44
15.77
1.16
0.6
0.75
81.42
0.63
0.79
76.46
0.52
1.04
22.77
1.96
329.72
1.07
0.73
2.44
0.98
384.93
172.88
7.19
2.4
394.83
0.5
0.89
611.5
158.76
87.67
1.65
0.53
1.46
0.47
382.06
119.73
114.99
2.3
3.07
130.42
1.13
1.64
494.6
1
3.34
391.34
1.47
73.79
1.13
72.53
325.23
78.03
3.46
1.93
3.14
75.99
2.46
73.62
0.86
85.53
0.66
0.48
96.11
0.46
556
2.58
1.16
0.56
130.84
23.73
0.52
480.2
1.87
2.34
2.07
0.5
2.68
0.65
19.09
1.69
1.21
52.52
1.65
352.65
564.53
394.87
0.6
8.94
146.05
0.52
2.34
0.44
0.74
0.51
0.7
2.49
363.58
74.64
372.39
0.8
85.87
17.8
136.22
3.25
71.82
344.24
4.91
0.6
1.6
113.65
0.64
0.77
68.37
91.02
0.97
3.07
1.25
0.79
6.37
0.64
8.24
0.49
192.11
77.57
21.72
0.91
3.34
3.97
125.44
1.07
0.64
122.79
327.09
181.84
36.46
0.62
80.75
79.34
2.01
1.05
3.08
3.37
0.56
100.84
135.86
0.59
0.51
1.89
3.03
0.7
584.08
89.32
164.02
2.11
0.54
2.2
2.27
43.87
0.58
6.98
0.98
79.15
427.32
0.51
83.06
311.09
1.78
274.86
94.13
81.79
83.48
508.78
0.57
0.77
0.97
402.75
20.1
12.85
1.17
3.18
0.45
1.17
70.22
2.51
81.64
74.98
9.1
0.52
1.05
113.13
1.22
74.98
344.38
0.67
136.53
7.86
0.53
72.73
300.33
0.59
0.48
309.73
0.69
326.73
9.67
0.57
4.39
0.72
375.93
1.41
0.59
4.13
0.61
376.12
308.55
81.67
563.86
3.87
148.49
269.77
2
68.33
1.79
81.67
103.76
2.26
0.71
0.52
0.52
5.02
1.41
0.58
0.59
2.37
62.23
0.86
3.02
22.82
0.53
185.31
0.58
72.75
0.72
0.55
10.2
2.9
1.76
132.55
70.64
2.07
419.77
0.5
0.54
22.12
8.22
177.25
543.63
29.34
7.9
306.24
0.44
0.44
397.84
0.85
0.47
389.64
900.22
1.34
383.59
287.02
0.66
11.2
78.83
72.51
0.54
1
3.1
0.87
0.63
2.41
112.45
280.54
245.99
2.47
0.59
572.49
12.61
364.72
76.87
17.33
0.53
493.81
434.55
1.44
0.69
0.95
97.97
318.97
47.16
1.01
2.06
456.63
482
74.4
324.91
318.51
4.68
1.88
1.63
