0.62
0.73
78.32
341.13
2.11
2.23
0.71
366.07
90.58
1.74
360.15
419.95
9.69
288.65
394.01
3.9
99.44
2.52
5.52
2.59
123.78
212.22
605.55
90.19
75.75
408.77
94.87
5.09
196.78
75.5
2.32
168.57
6.83
7.65
26.27
281.01
74.66
429.78
337.98
482.97
5.64
109.1
428.53
81.94
187.14
12.61
348.27
188.4
789.01
0.95
145.47
75.73
351.15
103.96
75.97
1.19
82.76
2.78
90.77
1.82
331.41
269.08
77.87
5.19
0.59
1.48
2.31
74.22
378.41
0.68
79.09
320.38
334.21
0.53
8.45
844.39
0.59
2
74.56
365.4
0.85
257.88
0.54
596.39
102.08
398.71
103.5
185.66
171.02
76.72
0.7
75.22
80.65
1.65
2.41
89.52
289.86
402.34
28.1
1.97
0.85
5.58
0.59
1.87
652.54
0.81
307.6
1.94
79.97
257.18
129.25
0.65
288.13
43.86
0.69
7.9
104.08
72.88
79.24
0.64
72.46
126.38
786.09
78.06
203.24
2.44
3.32
1.49
512.31
1.85
355.81
2.17
12.4
440.8
1.96
1.96
103.39
404.3
32.99
89.9
75.44
579.39
3.39
4.26
0.99
88.56
9.97
0.68
507.52
994.78
6.7
327.18
353.24
0.55
502.06
0.52
89.6
0.75
76.22
207.76
9.88
0.5
72.83
1.04
1.7
2.6
109.61
82.98
247.76
164.17
2.33
0.68
15.04
217.46
1.06
10.81
83.29
1.24
157.98
2.87
0.69
529.26
102.64
286.35
142.45
2.13
1.66
2.55
132.7
3.15
116.42
406.03
2.46
347.4
0.83
95.95
83.48
24.01
132.97
87.18
0.54
304.84
75.65
2.32
7.27
75.58
266.81
0.7
217.22
384.74
69.11
1.56
289.9
256.15
90.09
4.18
511.48
2.46
1.02
483.82
0.7
85.87
283.53
0.69
2.26
301.59
152.07
0.77
325.27
75.09
75.02
230.75
2.73
289.86
72.9
73.7
210.93
423.51
244.61
73.39
104.19
78.8
1.83
75.88
71.45
0.56
1
1
193.7
5.61
6.04
3.51
2.16
0.9
171.11
2.86
436.83
0.61
2.41
1.08
0.69
324.73
1.08
72.7
0.65
343.55
142.42
75.23
1
828.75
0.51
80.72
275.06
535.86
71.66
2.26
394.86
72.01
343.4
331.59
152.64
2.48
0.7
0.62
183.28
79.45
0.65
0.62
386.57
0.45
240.92
479.1
82.35
76.5
8.98
1.2
90.39
73.2
0.69
123.38
46.88
248.89
76.65
268.47
18.75
1.45
91.11
2.01
8.83
98.25
81.2
445.33
400.02
76.85
1.97
92.11
1
0.47
282.95
84.85
74.92
1
0.45
75.36
1.49
0.44
0.52
1.76
1.67
258.78
0.97
288.88
14.83
6.3
458.11
31.09
1.58
1.01
0.74
1.97
6.58
4.16
0.57
2.26
320.62
91.15
336.48
6.95
79.61
2.12
77.62
0.94
392.29
81.95
348.42
75.17
1.82
180.5
555.75
73.49
474.31
470.39
1.58
0.5
84.32
276.87
82.25
107.58
80.46
0.65
349.05
342.74
157.76
2.32
1
312.56
104.65
113.07
1.14
0.95
742.03
1.38
0.54
2.58
245.7
299.07
638.29
74.21
180.35
0.45
130.62
0.68
1.57
14.74
0.58
18.78
275.45
72.79
0.45
370.21
3.87
427.69
3.65
424.06
97.31
4.54
1.58
855.65
39.39
43.33
371.24
508.61
156.27
0.48
1.04
0.68
78.19
397.77
0.7
268.84
1.75
2.41
118.16
0.71
82.3
0.53
376.82
121.53
70.03
83.79
83.24
0.68
391.53
2.75
1.92
515
0.57
70.93
73.63
3.36
285.36
13.78
1.86
899.44
130.24
0.77
374.18
0.56
0.53
13.66
86.24
72.65
711.75
337.52
166.68
332.42
5.75
15.08
0.7
1.52
0.5
106.71
77.12
74.02
73.41
0.81
0.47
199.79
85.94
157.53
86.72
374.56
0.86
0.47
332.61
84.92
76.47
0.74
395.29
101.76
6.77
2.37
601.68
22.89
765.68
143.84
236.63
0.54
136.38
2.39
52.32
2.64
535.47
1.07
392.2
3.84
356.44
2.4
96.54
215.51
72.46
0.81
181.11
86.05
0.55
1.01
85.89
13.85
11.74
538.44
72.9
78.36
347.54
37.66
337.99
172.45
267.45
117.96
164.13
0.63
1.76
3.56
187.96
83.81
78.3
1.09
0.73
371.98
1.9
2.13
2.77
0.57
3.92
2.28
394.48
371.03
364.13
1.46
11.85
95.97
3.24
513.67
81.06
0.97
348.41
76.41
366.52
4.88
83.55
399.4
408.88
151.02
81.05
84.95
437.23
1.48
93.09
83.41
149.66
48.97
1.88
7.21
416.85
338.65
80.01
110.4
79.92
4.69
79.38
387.53
119.65
76.76
0.51
0.92
73.77
328.42
0.51
1.71
21.33
73.95
445.16
486.51
297.98
5.77
1.1
72.93
0.54
149.92
77.15
295.79
76.7
8.03
2.07
4.22
115.03
1.07
358.41
493.44
305.09
71.29
348.16
76.73
0.75
191.65
0.97
488.86
76.66
2.04
420.44
268.45
1.11
87.95
0.64
77.15
513.75
2.88
0.61
0.66
0.44
538.94
406.38
0.68
0.94
10.35
272.04
76.23
352.49
0.74
1.43
4.31
3.32
704.97
83.5
0.63
5.09
1.78
262.12
166.4
81.71
1.16
1.69
3.57
1.07
0.46
2.09
113.14
74.47
4.16
0.88
318.6
0.78
72.86
202.92
196.55
89.97
359.25
1.58
77.45
1.14
128.98
2.07
99.07
75.45
157.71
47.47
2.26
73.56
1
333.36
83.61
22.41
2.2
458.99
3.49
84.21
0.43
0.5
1.02
337.3
2.52
319.11
95.43
0.45
2.06
114.12
6.37
173.09
70.89
0.89
74.4
264.56
1.04
89.64
0.96
77.55
401.46
71.04
0.52
2.42
1.96
186.33
77.07
347.56
181.85
83.31
81.55
0.96
326.92
0.86
1.12
322.7
0.56
122.46
1.41
80.56
217.06
79.55
327.2
85.08
183.34
476
1.8
2.05
93.29
90.28
1.19
94.11
83.64
2.44
7.92
136.98
0.45
120.63
1.95
0.75
71.46
366.01
74.13
75.3
613.6
9.02
0.55
76.69
295.71
283.55
901.83
545.11
341.39
364.02
328.48
4.33
288.72
1.5
73.69
312.35
6.29
84.84
1.1
72.19
1.21
80.01
356.3
0.62
176.79
0.69
0.62
78.9
199.56
174.71
76.89
384.39
368.83
0.5
100.44
213.22
399.49
0.74
1.4
457.18
77.49
468.69
42.92
0.48
1.08
14.6
153.65
539.05
74.5
0.79
72.46
0.83
246.99
128.03
397.54
71.78
98.85
172.76
77.71
0.47
1.77
77.26
0.95
2.62
86.82
307.92
357.12
75.6
0.7
93.52
9.12
347.86
0.67
229.18
0.52
2.73
256.51
353.03
384.32
0.62
74.92
2.57
195.54
132.53
5.11
283.41
0.78
0.64
1.05
417.61
0.66
91.56
0.53
1.28
4.34
493.15
321.73
75.32
103.81
622.89
82.66
480.5
82.39
0.95
202.1
5.91
73.96
298.81
88.84
1.87
98.71
2.15
0.7
0.55
296.65
425.5
104.95
2
90.96
80.22
1.53
462.81
25.92
0.7
911.47
231.41
3.7
402.15
80.74
288.63
1.79
180.38
576.93
78
0.83
0.79
88.89
0.81
2.71
356.4
480.03
125.82
7.86
10.02
3.81
82.59
101.96
510.01
110.32
304.37
0.58
1.25
1.14
60.19
82.12
5.14
2.16
335.71
1.18
105.2
304.99
0.54
15.44
0.7
4.31
2.15
328.81
67.89
8.84
103.15
0.52
244.49
176.82
73.13
352.31
368.19
2.14
2.73
2.76
437.35
2.53
461.28
4.74
84.45
1.2
0.6
327.87
0.58
258.28
118.86
386.57
0.62
94.75
304.24
323.54
242.99
87.16
1.12
82.04
80.81
118.62
74.41
121.59
187.14
751.15
74.4
358.07
0.44
0.64
81.73
315.35
94.09
2.21
104.5
2.13
0.68
2.11
4.82
82.77
302.98
2.45
1.11
275
268.35
88.56
1.07
194.49
311.85
90.22
2.98
11.02
289.33
6.71
7.28
5.84
377.04
0.98
268.31
0.69
483.62
2.06
0.46
1.2
289.12
2.47
403.74
0.91
0.52
1.99
1.63
104.5
1.77
115.32
1.15
0.64
4.76
1.12
72.9
108.4
101.84
106.12
